
testdata = [[[0, 25, 18, 999, 999, 999, 2, 20, 999, 999], [25, 0, 10, 999, 17, 9, 28, 14, 4, 19], [18, 10, 0, 999, 20, 999, 14, 11, 24, 1], [999, 999, 999, 0, 15, 5, 21, 999, 999, 6], [999, 17, 20, 15, 0, 6, 20, 999, 21, 999], [999, 9, 999, 5, 6, 0, 3, 999, 29, 22], [2, 28, 14, 21, 20, 3, 0, 15, 23, 999], [20, 14, 11, 999, 999, 999, 15, 0, 999, 999], [999, 4, 24, 999, 21, 29, 23, 999, 0, 999], [999, 19, 1, 6, 999, 22, 999, 999, 999, 0]], [[0, 26, 20, 27, 30, 29, 8, 10, 999, 17], [26, 0, 9, 5, 29, 999, 21, 29, 30, 17], [20, 9, 0, 28, 11, 9, 19, 27, 8, 21], [27, 5, 28, 0, 10, 1, 999, 29, 13, 12], [30, 29, 11, 10, 0, 18, 12, 9, 14, 19], [29, 999, 9, 1, 18, 0, 10, 999, 999, 999], [8, 21, 19, 999, 12, 10, 0, 3, 999, 2], [10, 29, 27, 29, 9, 999, 3, 0, 2, 6], [999, 30, 8, 13, 14, 999, 999, 2, 0, 8], [17, 17, 21, 12, 19, 999, 2, 6, 8, 0]], [[0, 17, 999, 19, 2, 10, 999, 26, 19, 999], [17, 0, 15, 30, 23, 999, 999, 28, 9, 23], [999, 15, 0, 26, 28, 17, 999, 999, 28, 16], [19, 30, 26, 0, 6, 19, 999, 999, 999, 27], [2, 23, 28, 6, 0, 10, 27, 25, 12, 999], [10, 999, 17, 19, 10, 0, 17, 999, 999, 999], [999, 999, 999, 999, 27, 17, 0, 25, 15, 12], [26, 28, 999, 999, 25, 999, 25, 0, 999, 26], [19, 9, 28, 999, 12, 999, 15, 999, 0, 999], [999, 23, 16, 27, 999, 999, 12, 26, 999, 0]], [[0, 15, 999, 999, 20, 20, 30, 999, 999, 29], [15, 0, 999, 1, 999, 1, 10, 3, 24, 999], [999, 999, 0, 8, 11, 20, 4, 10, 999, 20], [999, 1, 8, 0, 27, 9, 7, 17, 999, 999], [20, 999, 11, 27, 0, 4, 23, 26, 7, 25], [20, 1, 20, 9, 4, 0, 28, 22, 6, 999], [30, 10, 4, 7, 23, 28, 0, 999, 999, 16], [999, 3, 10, 17, 26, 22, 999, 0, 22, 24], [999, 24, 999, 999, 7, 6, 999, 22, 0, 7], [29, 999, 20, 999, 25, 999, 16, 24, 7, 0]], [[0, 29, 21, 999, 2, 7, 2, 16, 17, 999], [29, 0, 999, 999, 19, 22, 24, 999, 999, 19], [21, 999, 0, 21, 15, 14, 999, 999, 999, 14], [999, 999, 21, 0, 2, 3, 18, 15, 22, 28], [2, 19, 15, 2, 0, 8, 1, 999, 16, 19], [7, 22, 14, 3, 8, 0, 2, 28, 999, 16], [2, 24, 999, 18, 1, 2, 0, 999, 11, 26], [16, 999, 999, 15, 999, 28, 999, 0, 999, 7], [17, 999, 999, 22, 16, 999, 11, 999, 0, 4], [999, 19, 14, 28, 19, 16, 26, 7, 4, 0]]]
ans_ospf = [([[0, 14, 16, 10, 11, 5, 2, 17, 18, 16], [14, 0, 10, 14, 15, 9, 12, 14, 4, 11], [16, 10, 0, 7, 18, 12, 14, 11, 14, 1], [10, 14, 7, 0, 11, 5, 8, 18, 18, 6], [11, 15, 18, 11, 0, 6, 9, 24, 19, 17], [5, 9, 12, 5, 6, 0, 3, 18, 13, 11], [2, 12, 14, 8, 9, 3, 0, 15, 16, 14], [17, 14, 11, 18, 24, 18, 15, 0, 18, 12], [18, 4, 14, 18, 19, 13, 16, 18, 0, 15], [16, 11, 1, 6, 17, 11, 14, 12, 15, 0]], [(0, 0, 1), (0, 0, 2), (0, 0, 6), (0, 0, 7), (1, 1, 0), (1, 1, 2), (1, 1, 4), (1, 1, 5), (1, 1, 6), (1, 1, 7), (1, 1, 8), (1, 1, 9), (2, 2, 0), (2, 2, 1), (2, 2, 4), (2, 2, 6), (2, 2, 7), (2, 2, 8), (2, 2, 9), (3, 3, 4), (3, 3, 5), (3, 3, 6), (3, 3, 9), (4, 4, 1), (4, 4, 2), (4, 4, 3), (4, 4, 5), (4, 4, 6), (4, 4, 8), (5, 5, 1), (5, 5, 3), (5, 5, 4), (5, 5, 6), (5, 5, 8), (5, 5, 9), (6, 6, 0), (6, 6, 1), (6, 6, 2), (6, 6, 3), (6, 6, 4), (6, 6, 5), (6, 6, 7), (6, 6, 8), (7, 7, 0), (7, 7, 1), (7, 7, 2), (7, 7, 6), (8, 8, 1), (8, 8, 2), (8, 8, 4), (8, 8, 5), (8, 8, 6), (9, 9, 1), (9, 9, 2), (9, 9, 3), (9, 9, 5), (1, 0, 4), (1, 0, 5), (1, 0, 8), (1, 0, 9), (1, 2, 5), (1, 4, 0), (1, 4, 7), (1, 4, 9), (1, 5, 0), (1, 5, 2), (1, 5, 7), (1, 6, 9), (1, 7, 4), (1, 7, 5), (1, 7, 8), (1, 7, 9), (1, 8, 0), (1, 8, 7), (1, 8, 9), (1, 9, 0), (1, 9, 4), (1, 9, 6), (1, 9, 7), (1, 9, 8), (4, 1, 3), (4, 2, 3), (4, 3, 1), (4, 3, 2), (4, 3, 8), (4, 8, 3), (6, 0, 3), (6, 3, 0), (6, 3, 7), (6, 7, 3)]), ([[0, 24, 20, 19, 19, 18, 8, 10, 12, 10], [24, 0, 9, 5, 15, 6, 16, 19, 17, 17], [20, 9, 0, 10, 11, 9, 13, 10, 8, 15], [19, 5, 10, 0, 10, 1, 11, 14, 13, 12], [19, 15, 11, 10, 0, 11, 12, 9, 11, 14], [18, 6, 9, 1, 11, 0, 10, 13, 14, 12], [8, 16, 13, 11, 12, 10, 0, 3, 5, 2], [10, 19, 10, 14, 9, 13, 3, 0, 2, 5], [12, 17, 8, 13, 11, 14, 5, 2, 0, 7], [10, 17, 15, 12, 14, 12, 2, 5, 7, 0]], [(0, 0, 1), (0, 0, 2), (0, 0, 3), (0, 0, 4), (0, 0, 5), (0, 0, 6), (0, 0, 7), (0, 0, 9), (1, 1, 0), (1, 1, 2), (1, 1, 3), (1, 1, 4), (1, 1, 6), (1, 1, 7), (1, 1, 8), (1, 1, 9), (2, 2, 0), (2, 2, 1), (2, 2, 3), (2, 2, 4), (2, 2, 5), (2, 2, 6), (2, 2, 7), (2, 2, 8), (2, 2, 9), (3, 3, 0), (3, 3, 1), (3, 3, 2), (3, 3, 4), (3, 3, 5), (3, 3, 7), (3, 3, 8), (3, 3, 9), (4, 4, 0), (4, 4, 1), (4, 4, 2), (4, 4, 3), (4, 4, 5), (4, 4, 6), (4, 4, 7), (4, 4, 8), (4, 4, 9), (5, 5, 0), (5, 5, 2), (5, 5, 3), (5, 5, 4), (5, 5, 6), (6, 6, 0), (6, 6, 1), (6, 6, 2), (6, 6, 4), (6, 6, 5), (6, 6, 7), (6, 6, 9), (7, 7, 0), (7, 7, 1), (7, 7, 2), (7, 7, 3), (7, 7, 4), (7, 7, 6), (7, 7, 8), (7, 7, 9), (8, 8, 1), (8, 8, 2), (8, 8, 3), (8, 8, 4), (8, 8, 7), (8, 8, 9), (9, 9, 0), (9, 9, 1), (9, 9, 2), (9, 9, 3), (9, 9, 4), (9, 9, 6), (9, 9, 7), (9, 9, 8), (0, 1, 5), (0, 3, 6), (0, 5, 1), (0, 5, 7), (0, 5, 9), (0, 6, 3), (0, 7, 5), (0, 9, 5), (1, 0, 8), (1, 6, 8), (1, 8, 0), (1, 8, 6), (2, 5, 8), (2, 8, 5)]), ([[0, 17, 27, 8, 2, 10, 27, 26, 14, 35], [17, 0, 15, 25, 19, 27, 24, 28, 9, 23], [27, 15, 0, 26, 27, 17, 28, 42, 24, 16], [8, 25, 26, 0, 6, 16, 33, 31, 18, 27], [2, 19, 27, 6, 0, 10, 27, 25, 12, 33], [10, 27, 17, 16, 10, 0, 17, 35, 22, 29], [27, 24, 28, 33, 27, 17, 0, 25, 15, 12], [26, 28, 42, 31, 25, 35, 25, 0, 37, 26], [14, 9, 24, 18, 12, 22, 15, 37, 0, 27], [35, 23, 16, 27, 33, 29, 12, 26, 27, 0]], [(0, 0, 1), (0, 0, 3), (0, 0, 4), (0, 0, 5), (0, 0, 7), (0, 0, 8), (1, 1, 0), (1, 1, 2), (1, 1, 3), (1, 1, 4), (1, 1, 7), (1, 1, 8), (1, 1, 9), (2, 2, 1), (2, 2, 3), (2, 2, 4), (2, 2, 5), (2, 2, 8), (2, 2, 9), (3, 3, 0), (3, 3, 1), (3, 3, 2), (3, 3, 4), (3, 3, 5), (3, 3, 9), (4, 4, 0), (4, 4, 1), (4, 4, 2), (4, 4, 3), (4, 4, 5), (4, 4, 6), (4, 4, 7), (4, 4, 8), (5, 5, 0), (5, 5, 2), (5, 5, 3), (5, 5, 4), (5, 5, 6), (6, 6, 4), (6, 6, 5), (6, 6, 7), (6, 6, 8), (6, 6, 9), (7, 7, 0), (7, 7, 1), (7, 7, 4), (7, 7, 6), (7, 7, 9), (8, 8, 0), (8, 8, 1), (8, 8, 2), (8, 8, 4), (8, 8, 6), (9, 9, 1), (9, 9, 2), (9, 9, 3), (9, 9, 6), (9, 9, 7), (0, 1, 5), (0, 3, 7), (0, 3, 8), (0, 5, 1), (0, 5, 7), (0, 5, 8), (0, 7, 3), (0, 7, 5), (0, 7, 8), (0, 8, 3), (0, 8, 5), (0, 8, 7), (1, 0, 2), (1, 0, 9), (1, 2, 0), (1, 2, 7), (1, 4, 9), (1, 7, 2), (1, 8, 9), (1, 9, 0), (1, 9, 4), (1, 9, 8), (2, 5, 9), (2, 9, 5), (4, 0, 6), (4, 1, 6), (4, 2, 6), (4, 3, 6), (4, 6, 0), (4, 6, 1), (4, 6, 2), (4, 6, 3)]), ([[0, 15, 24, 16, 20, 16, 23, 18, 22, 29], [15, 0, 9, 1, 5, 1, 8, 3, 7, 14], [24, 9, 0, 8, 11, 10, 4, 10, 16, 20], [16, 1, 8, 0, 6, 2, 7, 4, 8, 15], [20, 5, 11, 6, 0, 4, 13, 8, 7, 14], [16, 1, 10, 2, 4, 0, 9, 4, 6, 13], [23, 8, 4, 7, 13, 9, 0, 11, 15, 16], [18, 3, 10, 4, 8, 4, 11, 0, 10, 17], [22, 7, 16, 8, 7, 6, 15, 10, 0, 7], [29, 14, 20, 15, 14, 13, 16, 17, 7, 0]], [(0, 0, 1), (0, 0, 4), (0, 0, 5), (0, 0, 6), (0, 0, 9), (1, 1, 0), (1, 1, 3), (1, 1, 5), (1, 1, 6), (1, 1, 7), (1, 1, 8), (2, 2, 3), (2, 2, 4), (2, 2, 5), (2, 2, 6), (2, 2, 7), (2, 2, 9), (3, 3, 1), (3, 3, 2), (3, 3, 4), (3, 3, 5), (3, 3, 6), (3, 3, 7), (4, 4, 0), (4, 4, 2), (4, 4, 3), (4, 4, 5), (4, 4, 6), (4, 4, 7), (4, 4, 8), (4, 4, 9), (5, 5, 0), (5, 5, 1), (5, 5, 2), (5, 5, 3), (5, 5, 4), (5, 5, 6), (5, 5, 7), (5, 5, 8), (6, 6, 0), (6, 6, 1), (6, 6, 2), (6, 6, 3), (6, 6, 4), (6, 6, 5), (6, 6, 9), (7, 7, 1), (7, 7, 2), (7, 7, 3), (7, 7, 4), (7, 7, 5), (7, 7, 8), (7, 7, 9), (8, 8, 1), (8, 8, 4), (8, 8, 5), (8, 8, 7), (8, 8, 9), (9, 9, 0), (9, 9, 2), (9, 9, 4), (9, 9, 6), (9, 9, 7), (9, 9, 8), (0, 1, 4), (0, 1, 9), (0, 4, 1), (0, 5, 9), (0, 9, 1), (0, 9, 5), (1, 0, 3), (1, 0, 7), (1, 0, 8), (1, 3, 0), (1, 3, 8), (1, 6, 7), (1, 6, 8), (1, 7, 0), (1, 7, 6), (1, 8, 0), (1, 8, 3), (1, 8, 6), (2, 3, 9), (2, 9, 3), (3, 1, 2), (3, 2, 1), (4, 0, 2), (4, 2, 0), (4, 2, 8), (4, 8, 2)]), ([[0, 21, 17, 4, 2, 4, 2, 16, 13, 17], [21, 0, 33, 21, 19, 22, 20, 26, 23, 19], [17, 33, 0, 17, 15, 14, 16, 21, 18, 14], [4, 21, 17, 0, 2, 3, 3, 15, 14, 18], [2, 19, 15, 2, 0, 3, 1, 17, 12, 16], [4, 22, 14, 3, 3, 0, 2, 18, 13, 16], [2, 20, 16, 3, 1, 2, 0, 18, 11, 15], [16, 26, 21, 15, 17, 18, 18, 0, 11, 7], [13, 23, 18, 14, 12, 13, 11, 11, 0, 4], [17, 19, 14, 18, 16, 16, 15, 7, 4, 0]], [(0, 0, 1), (0, 0, 2), (0, 0, 4), (0, 0, 5), (0, 0, 6), (0, 0, 7), (0, 0, 8), (1, 1, 0), (1, 1, 4), (1, 1, 5), (1, 1, 6), (1, 1, 9), (2, 2, 0), (2, 2, 3), (2, 2, 4), (2, 2, 5), (2, 2, 9), (3, 3, 2), (3, 3, 4), (3, 3, 5), (3, 3, 6), (3, 3, 7), (3, 3, 8), (3, 3, 9), (4, 4, 0), (4, 4, 1), (4, 4, 2), (4, 4, 3), (4, 4, 5), (4, 4, 6), (4, 4, 8), (4, 4, 9), (5, 5, 0), (5, 5, 1), (5, 5, 2), (5, 5, 3), (5, 5, 4), (5, 5, 6), (5, 5, 7), (5, 5, 9), (6, 6, 0), (6, 6, 1), (6, 6, 3), (6, 6, 4), (6, 6, 5), (6, 6, 8), (6, 6, 9), (7, 7, 0), (7, 7, 3), (7, 7, 5), (7, 7, 9), (8, 8, 0), (8, 8, 3), (8, 8, 4), (8, 8, 6), (8, 8, 9), (9, 9, 1), (9, 9, 2), (9, 9, 3), (9, 9, 4), (9, 9, 5), (9, 9, 6), (9, 9, 7), (9, 9, 8), (0, 1, 2), (0, 1, 7), (0, 1, 8), (0, 2, 1), (0, 2, 6), (0, 2, 7), (0, 2, 8), (0, 4, 7), (0, 5, 8), (0, 6, 2), (0, 6, 7), (0, 7, 1), (0, 7, 2), (0, 7, 4), (0, 7, 6), (0, 7, 8), (0, 8, 1), (0, 8, 2), (0, 8, 5), (0, 8, 7), (1, 0, 9), (1, 9, 0), (2, 0, 3), (2, 3, 0), (4, 1, 3), (4, 3, 1)])]
ans_rip = [([[0, 14, 16, 10, 11, 5, 2, 17, 18, 16], [14, 0, 10, 14, 15, 9, 12, 14, 4, 11], [16, 10, 0, 7, 18, 12, 14, 11, 14, 1], [10, 14, 7, 0, 11, 5, 8, 18, 18, 6], [11, 15, 18, 11, 0, 6, 9, 24, 19, 17], [5, 9, 12, 5, 6, 0, 3, 18, 13, 11], [2, 12, 14, 8, 9, 3, 0, 15, 16, 14], [17, 14, 11, 18, 24, 18, 15, 0, 18, 12], [18, 4, 14, 18, 19, 13, 16, 18, 0, 15], [16, 11, 1, 6, 17, 11, 14, 12, 15, 0]], [(0, 1), (0, 2), (0, 6), (0, 7), (1, 0), (1, 2), (1, 4), (1, 5), (1, 6), (1, 7), (1, 8), (1, 9), (2, 0), (2, 1), (2, 4), (2, 6), (2, 7), (2, 8), (2, 9), (3, 4), (3, 5), (3, 6), (3, 9), (4, 1), (4, 2), (4, 3), (4, 5), (4, 6), (4, 8), (5, 1), (5, 3), (5, 4), (5, 6), (5, 8), (5, 9), (6, 0), (6, 1), (6, 2), (6, 3), (6, 4), (6, 5), (6, 7), (6, 8), (7, 0), (7, 1), (7, 2), (7, 6), (8, 1), (8, 2), (8, 4), (8, 5), (8, 6), (9, 1), (9, 2), (9, 3), (9, 5), (0, 1), (0, 2), (0, 6), (0, 7), (1, 0), (1, 2), (1, 4), (1, 5), (1, 6), (1, 7), (1, 8), (1, 9), (2, 0), (2, 1), (2, 4), (2, 6), (2, 7), (2, 8), (2, 9), (3, 4), (3, 5), (3, 6), (3, 9), (4, 1), (4, 2), (4, 3), (4, 5), (4, 6), (4, 8), (5, 1), (5, 3), (5, 4), (5, 6), (5, 8), (5, 9), (6, 0), (6, 1), (6, 2), (6, 3), (6, 4), (6, 5), (6, 7), (6, 8), (7, 0), (7, 1), (7, 2), (7, 6), (8, 1), (8, 2), (8, 4), (8, 5), (8, 6), (9, 1), (9, 2), (9, 3), (9, 5), (0, 1), (0, 2), (0, 6), (0, 7), (1, 0), (1, 2), (1, 4), (1, 5), (1, 6), (1, 7), (1, 8), (1, 9), (2, 0), (2, 1), (2, 4), (2, 6), (2, 7), (2, 8), (2, 9), (3, 4), (3, 5), (3, 6), (3, 9), (4, 1), (4, 2), (4, 3), (4, 5), (4, 6), (4, 8), (5, 1), (5, 3), (5, 4), (5, 6), (5, 8), (5, 9), (6, 0), (6, 1), (6, 2), (6, 3), (6, 4), (6, 5), (6, 7), (6, 8), (7, 0), (7, 1), (7, 2), (7, 6), (8, 1), (8, 2), (8, 4), (8, 5), (8, 6), (9, 1), (9, 2), (9, 3), (9, 5)]), ([[0, 24, 20, 19, 19, 18, 8, 10, 12, 10], [24, 0, 9, 5, 15, 6, 16, 19, 17, 17], [20, 9, 0, 10, 11, 9, 13, 10, 8, 15], [19, 5, 10, 0, 10, 1, 11, 14, 13, 12], [19, 15, 11, 10, 0, 11, 12, 9, 11, 14], [18, 6, 9, 1, 11, 0, 10, 13, 14, 12], [8, 16, 13, 11, 12, 10, 0, 3, 5, 2], [10, 19, 10, 14, 9, 13, 3, 0, 2, 5], [12, 17, 8, 13, 11, 14, 5, 2, 0, 7], [10, 17, 15, 12, 14, 12, 2, 5, 7, 0]], [(0, 1), (0, 2), (0, 3), (0, 4), (0, 5), (0, 6), (0, 7), (0, 9), (1, 0), (1, 2), (1, 3), (1, 4), (1, 6), (1, 7), (1, 8), (1, 9), (2, 0), (2, 1), (2, 3), (2, 4), (2, 5), (2, 6), (2, 7), (2, 8), (2, 9), (3, 0), (3, 1), (3, 2), (3, 4), (3, 5), (3, 7), (3, 8), (3, 9), (4, 0), (4, 1), (4, 2), (4, 3), (4, 5), (4, 6), (4, 7), (4, 8), (4, 9), (5, 0), (5, 2), (5, 3), (5, 4), (5, 6), (6, 0), (6, 1), (6, 2), (6, 4), (6, 5), (6, 7), (6, 9), (7, 0), (7, 1), (7, 2), (7, 3), (7, 4), (7, 6), (7, 8), (7, 9), (8, 1), (8, 2), (8, 3), (8, 4), (8, 7), (8, 9), (9, 0), (9, 1), (9, 2), (9, 3), (9, 4), (9, 6), (9, 7), (9, 8), (0, 1), (0, 2), (0, 3), (0, 4), (0, 5), (0, 6), (0, 7), (0, 9), (1, 0), (1, 2), (1, 3), (1, 4), (1, 6), (1, 7), (1, 8), (1, 9), (2, 0), (2, 1), (2, 3), (2, 4), (2, 5), (2, 6), (2, 7), (2, 8), (2, 9), (3, 0), (3, 1), (3, 2), (3, 4), (3, 5), (3, 7), (3, 8), (3, 9), (4, 0), (4, 1), (4, 2), (4, 3), (4, 5), (4, 6), (4, 7), (4, 8), (4, 9), (5, 0), (5, 2), (5, 3), (5, 4), (5, 6), (6, 0), (6, 1), (6, 2), (6, 4), (6, 5), (6, 7), (6, 9), (7, 0), (7, 1), (7, 2), (7, 3), (7, 4), (7, 6), (7, 8), (7, 9), (8, 1), (8, 2), (8, 3), (8, 4), (8, 7), (8, 9), (9, 0), (9, 1), (9, 2), (9, 3), (9, 4), (9, 6), (9, 7), (9, 8), (0, 1), (0, 2), (0, 3), (0, 4), (0, 5), (0, 6), (0, 7), (0, 9), (1, 0), (1, 2), (1, 3), (1, 4), (1, 6), (1, 7), (1, 8), (1, 9), (2, 0), (2, 1), (2, 3), (2, 4), (2, 5), (2, 6), (2, 7), (2, 8), (2, 9), (3, 0), (3, 1), (3, 2), (3, 4), (3, 5), (3, 7), (3, 8), (3, 9), (4, 0), (4, 1), (4, 2), (4, 3), (4, 5), (4, 6), (4, 7), (4, 8), (4, 9), (5, 0), (5, 2), (5, 3), (5, 4), (5, 6), (6, 0), (6, 1), (6, 2), (6, 4), (6, 5), (6, 7), (6, 9), (7, 0), (7, 1), (7, 2), (7, 3), (7, 4), (7, 6), (7, 8), (7, 9), (8, 1), (8, 2), (8, 3), (8, 4), (8, 7), (8, 9), (9, 0), (9, 1), (9, 2), (9, 3), (9, 4), (9, 6), (9, 7), (9, 8), (0, 1), (0, 2), (0, 3), (0, 4), (0, 5), (0, 6), (0, 7), (0, 9), (1, 0), (1, 2), (1, 3), (1, 4), (1, 6), (1, 7), (1, 8), (1, 9), (2, 0), (2, 1), (2, 3), (2, 4), (2, 5), (2, 6), (2, 7), (2, 8), (2, 9), (3, 0), (3, 1), (3, 2), (3, 4), (3, 5), (3, 7), (3, 8), (3, 9), (4, 0), (4, 1), (4, 2), (4, 3), (4, 5), (4, 6), (4, 7), (4, 8), (4, 9), (5, 0), (5, 2), (5, 3), (5, 4), (5, 6), (6, 0), (6, 1), (6, 2), (6, 4), (6, 5), (6, 7), (6, 9), (7, 0), (7, 1), (7, 2), (7, 3), (7, 4), (7, 6), (7, 8), (7, 9), (8, 1), (8, 2), (8, 3), (8, 4), (8, 7), (8, 9), (9, 0), (9, 1), (9, 2), (9, 3), (9, 4), (9, 6), (9, 7), (9, 8)]), ([[0, 17, 27, 8, 2, 10, 27, 26, 14, 35], [17, 0, 15, 25, 19, 27, 24, 28, 9, 23], [27, 15, 0, 26, 27, 17, 28, 42, 24, 16], [8, 25, 26, 0, 6, 16, 33, 31, 18, 27], [2, 19, 27, 6, 0, 10, 27, 25, 12, 33], [10, 27, 17, 16, 10, 0, 17, 35, 22, 29], [27, 24, 28, 33, 27, 17, 0, 25, 15, 12], [26, 28, 42, 31, 25, 35, 25, 0, 37, 26], [14, 9, 24, 18, 12, 22, 15, 37, 0, 27], [35, 23, 16, 27, 33, 29, 12, 26, 27, 0]], [(0, 1), (0, 3), (0, 4), (0, 5), (0, 7), (0, 8), (1, 0), (1, 2), (1, 3), (1, 4), (1, 7), (1, 8), (1, 9), (2, 1), (2, 3), (2, 4), (2, 5), (2, 8), (2, 9), (3, 0), (3, 1), (3, 2), (3, 4), (3, 5), (3, 9), (4, 0), (4, 1), (4, 2), (4, 3), (4, 5), (4, 6), (4, 7), (4, 8), (5, 0), (5, 2), (5, 3), (5, 4), (5, 6), (6, 4), (6, 5), (6, 7), (6, 8), (6, 9), (7, 0), (7, 1), (7, 4), (7, 6), (7, 9), (8, 0), (8, 1), (8, 2), (8, 4), (8, 6), (9, 1), (9, 2), (9, 3), (9, 6), (9, 7), (0, 1), (0, 3), (0, 4), (0, 5), (0, 7), (0, 8), (1, 0), (1, 2), (1, 3), (1, 4), (1, 7), (1, 8), (1, 9), (2, 1), (2, 3), (2, 4), (2, 5), (2, 8), (2, 9), (3, 0), (3, 1), (3, 2), (3, 4), (3, 5), (3, 9), (4, 0), (4, 1), (4, 2), (4, 3), (4, 5), (4, 6), (4, 7), (4, 8), (5, 0), (5, 2), (5, 3), (5, 4), (5, 6), (6, 4), (6, 5), (6, 7), (6, 8), (6, 9), (7, 0), (7, 1), (7, 4), (7, 6), (7, 9), (8, 0), (8, 1), (8, 2), (8, 4), (8, 6), (9, 1), (9, 2), (9, 3), (9, 6), (9, 7), (0, 1), (0, 3), (0, 4), (0, 5), (0, 7), (0, 8), (1, 0), (1, 2), (1, 3), (1, 4), (1, 7), (1, 8), (1, 9), (2, 1), (2, 3), (2, 4), (2, 5), (2, 8), (2, 9), (3, 0), (3, 1), (3, 2), (3, 4), (3, 5), (3, 9), (4, 0), (4, 1), (4, 2), (4, 3), (4, 5), (4, 6), (4, 7), (4, 8), (5, 0), (5, 2), (5, 3), (5, 4), (5, 6), (6, 4), (6, 5), (6, 7), (6, 8), (6, 9), (7, 0), (7, 1), (7, 4), (7, 6), (7, 9), (8, 0), (8, 1), (8, 2), (8, 4), (8, 6), (9, 1), (9, 2), (9, 3), (9, 6), (9, 7)]), ([[0, 15, 24, 16, 20, 16, 23, 18, 22, 29], [15, 0, 9, 1, 5, 1, 8, 3, 7, 14], [24, 9, 0, 8, 11, 10, 4, 10, 16, 20], [16, 1, 8, 0, 6, 2, 7, 4, 8, 15], [20, 5, 11, 6, 0, 4, 13, 8, 7, 14], [16, 1, 10, 2, 4, 0, 9, 4, 6, 13], [23, 8, 4, 7, 13, 9, 0, 11, 15, 16], [18, 3, 10, 4, 8, 4, 11, 0, 10, 17], [22, 7, 16, 8, 7, 6, 15, 10, 0, 7], [29, 14, 20, 15, 14, 13, 16, 17, 7, 0]], [(0, 1), (0, 4), (0, 5), (0, 6), (0, 9), (1, 0), (1, 3), (1, 5), (1, 6), (1, 7), (1, 8), (2, 3), (2, 4), (2, 5), (2, 6), (2, 7), (2, 9), (3, 1), (3, 2), (3, 4), (3, 5), (3, 6), (3, 7), (4, 0), (4, 2), (4, 3), (4, 5), (4, 6), (4, 7), (4, 8), (4, 9), (5, 0), (5, 1), (5, 2), (5, 3), (5, 4), (5, 6), (5, 7), (5, 8), (6, 0), (6, 1), (6, 2), (6, 3), (6, 4), (6, 5), (6, 9), (7, 1), (7, 2), (7, 3), (7, 4), (7, 5), (7, 8), (7, 9), (8, 1), (8, 4), (8, 5), (8, 7), (8, 9), (9, 0), (9, 2), (9, 4), (9, 6), (9, 7), (9, 8), (0, 1), (0, 4), (0, 5), (0, 6), (0, 9), (1, 0), (1, 3), (1, 5), (1, 6), (1, 7), (1, 8), (2, 3), (2, 4), (2, 5), (2, 6), (2, 7), (2, 9), (3, 1), (3, 2), (3, 4), (3, 5), (3, 6), (3, 7), (4, 0), (4, 2), (4, 3), (4, 5), (4, 6), (4, 7), (4, 8), (4, 9), (5, 0), (5, 1), (5, 2), (5, 3), (5, 4), (5, 6), (5, 7), (5, 8), (6, 0), (6, 1), (6, 2), (6, 3), (6, 4), (6, 5), (6, 9), (7, 1), (7, 2), (7, 3), (7, 4), (7, 5), (7, 8), (7, 9), (8, 1), (8, 4), (8, 5), (8, 7), (8, 9), (9, 0), (9, 2), (9, 4), (9, 6), (9, 7), (9, 8), (0, 1), (0, 4), (0, 5), (0, 6), (0, 9), (1, 0), (1, 3), (1, 5), (1, 6), (1, 7), (1, 8), (2, 3), (2, 4), (2, 5), (2, 6), (2, 7), (2, 9), (3, 1), (3, 2), (3, 4), (3, 5), (3, 6), (3, 7), (4, 0), (4, 2), (4, 3), (4, 5), (4, 6), (4, 7), (4, 8), (4, 9), (5, 0), (5, 1), (5, 2), (5, 3), (5, 4), (5, 6), (5, 7), (5, 8), (6, 0), (6, 1), (6, 2), (6, 3), (6, 4), (6, 5), (6, 9), (7, 1), (7, 2), (7, 3), (7, 4), (7, 5), (7, 8), (7, 9), (8, 1), (8, 4), (8, 5), (8, 7), (8, 9), (9, 0), (9, 2), (9, 4), (9, 6), (9, 7), (9, 8)]), ([[0, 21, 17, 4, 2, 4, 2, 16, 13, 17], [21, 0, 33, 21, 19, 22, 20, 26, 23, 19], [17, 33, 0, 17, 15, 14, 16, 21, 18, 14], [4, 21, 17, 0, 2, 3, 3, 15, 14, 18], [2, 19, 15, 2, 0, 3, 1, 17, 12, 16], [4, 22, 14, 3, 3, 0, 2, 18, 13, 16], [2, 20, 16, 3, 1, 2, 0, 18, 11, 15], [16, 26, 21, 15, 17, 18, 18, 0, 11, 7], [13, 23, 18, 14, 12, 13, 11, 11, 0, 4], [17, 19, 14, 18, 16, 16, 15, 7, 4, 0]], [(0, 1), (0, 2), (0, 4), (0, 5), (0, 6), (0, 7), (0, 8), (1, 0), (1, 4), (1, 5), (1, 6), (1, 9), (2, 0), (2, 3), (2, 4), (2, 5), (2, 9), (3, 2), (3, 4), (3, 5), (3, 6), (3, 7), (3, 8), (3, 9), (4, 0), (4, 1), (4, 2), (4, 3), (4, 5), (4, 6), (4, 8), (4, 9), (5, 0), (5, 1), (5, 2), (5, 3), (5, 4), (5, 6), (5, 7), (5, 9), (6, 0), (6, 1), (6, 3), (6, 4), (6, 5), (6, 8), (6, 9), (7, 0), (7, 3), (7, 5), (7, 9), (8, 0), (8, 3), (8, 4), (8, 6), (8, 9), (9, 1), (9, 2), (9, 3), (9, 4), (9, 5), (9, 6), (9, 7), (9, 8), (0, 1), (0, 2), (0, 4), (0, 5), (0, 6), (0, 7), (0, 8), (1, 0), (1, 4), (1, 5), (1, 6), (1, 9), (2, 0), (2, 3), (2, 4), (2, 5), (2, 9), (3, 2), (3, 4), (3, 5), (3, 6), (3, 7), (3, 8), (3, 9), (4, 0), (4, 1), (4, 2), (4, 3), (4, 5), (4, 6), (4, 8), (4, 9), (5, 0), (5, 1), (5, 2), (5, 3), (5, 4), (5, 6), (5, 7), (5, 9), (6, 0), (6, 1), (6, 3), (6, 4), (6, 5), (6, 8), (6, 9), (7, 0), (7, 3), (7, 5), (7, 9), (8, 0), (8, 3), (8, 4), (8, 6), (8, 9), (9, 1), (9, 2), (9, 3), (9, 4), (9, 5), (9, 6), (9, 7), (9, 8), (0, 1), (0, 2), (0, 4), (0, 5), (0, 6), (0, 7), (0, 8), (1, 0), (1, 4), (1, 5), (1, 6), (1, 9), (2, 0), (2, 3), (2, 4), (2, 5), (2, 9), (3, 2), (3, 4), (3, 5), (3, 6), (3, 7), (3, 8), (3, 9), (4, 0), (4, 1), (4, 2), (4, 3), (4, 5), (4, 6), (4, 8), (4, 9), (5, 0), (5, 1), (5, 2), (5, 3), (5, 4), (5, 6), (5, 7), (5, 9), (6, 0), (6, 1), (6, 3), (6, 4), (6, 5), (6, 8), (6, 9), (7, 0), (7, 3), (7, 5), (7, 9), (8, 0), (8, 3), (8, 4), (8, 6), (8, 9), (9, 1), (9, 2), (9, 3), (9, 4), (9, 5), (9, 6), (9, 7), (9, 8), (0, 1), (0, 2), (0, 4), (0, 5), (0, 6), (0, 7), (0, 8), (1, 0), (1, 4), (1, 5), (1, 6), (1, 9), (2, 0), (2, 3), (2, 4), (2, 5), (2, 9), (3, 2), (3, 4), (3, 5), (3, 6), (3, 7), (3, 8), (3, 9), (4, 0), (4, 1), (4, 2), (4, 3), (4, 5), (4, 6), (4, 8), (4, 9), (5, 0), (5, 1), (5, 2), (5, 3), (5, 4), (5, 6), (5, 7), (5, 9), (6, 0), (6, 1), (6, 3), (6, 4), (6, 5), (6, 8), (6, 9), (7, 0), (7, 3), (7, 5), (7, 9), (8, 0), (8, 3), (8, 4), (8, 6), (8, 9), (9, 1), (9, 2), (9, 3), (9, 4), (9, 5), (9, 6), (9, 7), (9, 8)])]
